0.00000, 52528
0.00311, 22048
0.00621, 29664
0.00932, 44912
0.01242, 26864
0.01553, 52688
0.01863, 44112
0.02174, 23216
0.02484, 12464
0.02795, 21440
0.03106, 51168
0.03416, 22080
0.03727, 29696
0.04037, 44928
0.04348, 26816
0.04658, 52720
0.04969, 44160
0.05280, 23216
0.05590, 12448
0.05901, 21408
0.06211, 52496
0.06522, 22080
0.06832, 29712
0.07143, 44928
0.07453, 26848
0.07764, 52736
0.08075, 44112
0.08385, 23200
0.08696, 12448
0.09006, 21408
0.09317, 51168
0.09627, 22016
0.09938, 29696
0.10248, 44928
0.10559, 26880
0.10870, 52704
0.11180, 44160
0.11491, 23232
0.11801, 12496
0.12112, 21392
0.12422, 51152
0.12733, 22064
0.13043, 29712
0.13354, 44912
0.13665, 26880
0.13975, 52688
0.14286, 44160
0.14596, 23200
0.14907, 12496
0.15217, 21376
0.15528, 51152
0.15839, 22064
0.16149, 29696
0.16460, 44960
0.16770, 26880
0.17081, 53104
0.17391, 44160
0.17702, 23216
0.18012, 12432
0.18323, 21392
0.18634, 51168
0.18944, 22048
0.19255, 29728
0.19565, 44928
0.19876, 26848
0.20186, 52720
0.20497, 44128
0.20807, 23168
0.21118, 12416
0.21429, 21376
0.21739, 51168
0.22050, 22048
0.22360, 29792
0.22671, 44912
0.22981, 28016
0.23292, 52736
0.23602, 44144
0.23913, 23184
0.24224, 12512
0.24534, 21360
0.24845, 51136
0.25155, 22048
0.25466, 29680
0.25776, 44912
0.26087, 26880
0.26398, 52656
0.26708, 44128
0.27019, 23200
0.27329, 12480
0.27640, 21424
0.27950, 51136
0.28261, 22016
0.28571, 29680
0.28882, 44848
0.29193, 26848
0.29503, 52720
0.29814, 44176
0.30124, 23200
0.30435, 12448
0.30745, 21360
0.31056, 51168
0.31366, 22032
0.31677, 29696
0.31988, 44928
0.32298, 26880
0.32609, 52736
0.32919, 44128
0.33230, 23216
0.33540, 12480
0.33851, 21952
0.34161, 51168
0.34472, 22064
0.34783, 29056
0.35093, 44928
0.35404, 26848
0.35714, 52752
0.36025, 44176
0.36335, 23216
0.36646, 12448
0.36957, 21392
0.37267, 51168
0.37578, 22032
0.37888, 29696
0.38199, 44896
0.38509, 26896
0.38820, 52720
0.39130, 44160
0.39441, 23200
0.39752, 11200
0.40062, 21360
0.40373, 51168
0.40683, 22432
0.40994, 29696
0.41304, 44944
0.41615, 28080
0.41925, 52672
0.42236, 44160
0.42547, 23184
0.42857, 12448
0.43168, 21408
0.43478, 51184
0.43789, 22064
0.44099, 29728
0.44410, 44944
0.44720, 26880
0.45031, 52688
0.45342, 44112
0.45652, 23216
0.45963, 12496
0.46273, 21408
0.46584, 52496
0.46894, 22048
0.47205, 29744
0.47516, 44832
0.47826, 26864
0.48137, 52704
0.48447, 44128
0.48758, 23216
0.49068, 12448
0.49379, 21376
0.49689, 51168
0.50000, 22112
0.50311, 29728
0.50621, 44944
0.50932, 26896
0.51242, 52736
0.51553, 44144
0.51863, 23232
0.52174, 12464
0.52484, 21920
0.52795, 51120
0.53106, 22000
0.53416, 29056
0.53727, 44960
0.54037, 26880
0.54348, 52720
0.54658, 44112
0.54969, 23200
0.55279, 12464
0.55590, 21424
0.55901, 51136
0.56211, 22032
0.56522, 29728
0.56832, 44960
0.57143, 26848
0.57453, 53696
0.57764, 44176
0.58075, 23184
0.58385, 12464
0.58696, 21440
0.59006, 51200
0.59317, 22016
0.59627, 29056
0.59938, 44944
0.60248, 26832
0.60559, 53744
0.60870, 44192
0.61180, 23168
0.61491, 11232
0.61801, 21408
0.62112, 51152
0.62422, 22048
0.62733, 29712
0.63043, 44976
0.63354, 26880
0.63665, 52688
0.63975, 44128
0.64286, 23184
0.64596, 12464
0.64907, 21408
0.65217, 51152
0.65528, 22464
0.65839, 29696
0.66149, 44896
0.66460, 26880
0.66770, 52688
0.67081, 44128
0.67391, 23184
0.67702, 12480
0.68012, 21408
0.68323, 51184
0.68634, 22048
0.68944, 29696
0.69255, 44928
0.69565, 28016
0.69876, 52736
0.70186, 44128
0.70497, 21360
0.70807, 12496
0.71118, 21392
0.71429, 52560
0.71739, 22048
0.72050, 29680
0.72360, 44960
0.72671, 26896
0.72981, 52720
0.73292, 44144
0.73602, 23184
0.73913, 12448
0.74224, 21376
0.74534, 51168
0.74845, 22016
0.75155, 29712
0.75466, 44848
0.75776, 26896
0.76087, 52688
0.76398, 43584
0.76708, 23184
0.77019, 12448
0.77329, 21968
0.77640, 51168
0.77950, 22032
0.78261, 29744
0.78571, 44896
0.78882, 26896
0.79193, 52720
0.79503, 44160
0.79814, 23200
0.80124, 12448
0.80435, 21376
0.80745, 51216
0.81056, 22048
0.81366, 29072
0.81677, 44928
0.81988, 26880
0.82298, 53728
0.82609, 44112
0.82919, 23168
0.83230, 11248
0.83540, 21392
0.83851, 51136
0.84161, 22096
0.84472, 29712
0.84783, 44928
0.85093, 26848
0.85404, 52704
0.85714, 44176
0.86025, 23200
0.86335, 11296
0.86646, 21408
0.86957, 51184
0.87267, 22416
0.87578, 29712
0.87888, 44960
0.88199, 28048
0.88509, 52688
0.88820, 44144
0.89130, 21376
0.89441, 12448
0.89752, 21376
0.90062, 51152
0.90373, 22032
0.90683, 29728
0.90994, 44896
0.91304, 26896
0.91615, 52672
0.91925, 44128
0.92236, 21344
0.92547, 12512
0.92857, 21376
0.93168, 52496
0.93478, 22048
0.93789, 29696
0.94099, 44848
0.94410, 26848
0.94720, 52768
0.95031, 43552
0.95342, 23200
0.95652, 12464
0.95963, 21392
0.96273, 51216
0.96584, 22048
0.96894, 29696
0.97205, 44896
0.97516, 26896
0.97826, 52752
0.98137, 43600
0.98447, 23216
0.98758, 12416
0.99068, 21968
0.99379, 51152
0.99689, 22000
1.00000, 29008
1.00311, 44912
1.00621, 26848
1.00932, 52704
1.01242, 44160
1.01553, 23152
1.01863, 12496
1.02174, 21392
1.02484, 51216
1.02795, 22000
1.03106, 29120
1.03416, 44928
1.03727, 26896
1.04037, 53776
1.04348, 44160
1.04658, 23200
1.04969, 11232
1.05279, 21392
1.05590, 51184
1.05901, 22384
1.06211, 29712
1.06522, 44896
1.06832, 26832
1.07143, 52704
1.07453, 44160
1.07764, 23200
1.08075, 12448
1.08385, 21392
1.08696, 51184
1.09006, 22464
1.09317, 29712
1.09627, 44928
1.09938, 28016
1.10248, 52672
1.10559, 44160
1.10870, 21344
1.11180, 12480
1.11491, 21392
1.11801, 52512
1.12112, 22032
1.12422, 29760
1.12733, 44960
1.13043, 26880
1.13354, 52720
1.13665, 44176
1.13975, 21312
1.14286, 12464
1.14596, 21392
1.14907, 52560
1.15217, 22032
1.15528, 29712
1.15838, 44880
1.16149, 26864
1.16460, 52736
1.16770, 43568
1.17081, 23200
1.17391, 12464
1.17702, 22016
1.18012, 51152
1.18323, 22000
1.18634, 29712
1.18944, 44912
1.19255, 26896
1.19565, 52720
1.19876, 43536
1.20186, 23200
1.20497, 12480
1.20807, 22000
1.21118, 51168
1.21429, 22080
1.21739, 29088
1.22050, 44896
1.22360, 26880
1.22671, 53744
1.22981, 44128
1.23292, 23216
1.23602, 11232
1.23913, 21408
1.24224, 51152
1.24534, 22048
1.24845, 29712
1.25155, 44896
1.25466, 26848
1.25776, 53776
1.26087, 44128
1.26398, 23216
1.26708, 11264
1.27019, 21424
1.27329, 51168
1.27640, 22416
1.27950, 29680
1.28261, 44944
1.28571, 28048
1.28882, 52704
1.29193, 44144
1.29503, 21328
1.29814, 12448
1.30124, 21392
1.30435, 51168
1.30745, 22480
1.31056, 29744
1.31366, 44944
1.31677, 27984
1.31988, 52720
1.32298, 44144
1.32609, 21344
1.32919, 12496
1.33230, 21360
1.33540, 52544
1.33851, 22032
1.34161, 29664
1.34472, 44896
1.34783, 26880
1.35093, 52704
1.35404, 43552
1.35714, 21344
1.36025, 12448
1.36335, 21408
1.36646, 52528
1.36957, 22048
1.37267, 29712
1.37578, 44832
1.37888, 26864
1.38199, 52736
1.38509, 44112
1.38820, 21376
1.39130, 12464
1.39441, 21392
1.39752, 52512
1.40062, 22048
1.40373, 29680
1.40683, 44912
1.40994, 26880
1.41304, 52736
1.41615, 43568
1.41925, 23200
1.42236, 12464
1.42547, 21984
1.42857, 51168
1.43168, 22032
1.43478, 29728
1.43789, 44880
1.44099, 26880
1.44410, 52704
1.44720, 43584
1.45031, 23200
1.45342, 12464
1.45652, 22048
1.45963, 51136
1.46273, 22000
1.46584, 29072
1.46894, 44912
1.47205, 26864
1.47516, 53760
1.47826, 44128
1.48137, 23200
1.48447, 12432
1.48758, 22032
1.49068, 51232
1.49379, 22032
1.49689, 29088
1.50000, 44896
1.50311, 26896
1.50621, 53696
1.50932, 44144
1.51242, 23232
1.51553, 11232
1.51863, 21360
1.52174, 51168
1.52484, 22416
1.52795, 29712
1.53106, 44960
1.53416, 28048
1.53727, 53744
1.54037, 44128
1.54348, 23184
1.54658, 11264
1.54969, 21424
1.55279, 51200
1.55590, 22448
1.55901, 29696
1.56211, 44960
1.56522, 28064
1.56832, 52704
1.57143, 44160
1.57453, 21344
1.57764, 12496
1.58075, 21376
1.58385, 52560
1.58696, 22048
1.59006, 29728
1.59317, 44848
1.59627, 28048
1.59938, 52736
1.60248, 44112
1.60559, 21344
1.60870, 12464
1.61180, 21392
1.61491, 52496
1.61801, 22064
1.62112, 29696
1.62422, 44864
1.62733, 26848
1.63043, 52704
1.63354, 43584
1.63665, 23216
1.63975, 12464
1.64286, 21984
1.64596, 51168
1.64907, 22048
1.65217, 29072
1.65528, 44880
1.65838, 26848
1.66149, 52688
1.66460, 43568
1.66770, 23216
1.67081, 12448
1.67391, 22000
1.67702, 51184
1.68012, 22048
1.68323, 29088
1.68634, 44928
1.68944, 26864
1.69255, 53760
1.69565, 44112
1.69876, 23216
1.70186, 11280
1.70497, 21360
1.70807, 51136
1.71118, 22432
1.71429, 29104
1.71739, 44928
1.72050, 26848
1.72360, 53808
1.72671, 44128
1.72981, 23216
1.73292, 11216
1.73602, 21360
1.73913, 51168
1.74224, 22432
1.74534, 29680
1.74845, 44944
1.75155, 28032
1.75466, 52736
1.75776, 44128
1.76087, 21328
1.76398, 11248
1.76708, 21392
1.77019, 52512
1.77329, 22368
1.77640, 29696
1.77950, 44880
1.78261, 28064
1.78571, 52688
1.78882, 44160
1.79193, 21360
1.79503, 12464
1.79814, 21408
1.80124, 52496
1.80435, 22064
1.80745, 29712
1.81056, 44864
1.81366, 26896
1.81677, 52688
1.81988, 43552
1.82298, 21296
1.82609, 12448
1.82919, 21376
1.83230, 52544
1.83540, 22032
1.83851, 29728
1.84161, 44912
1.84472, 26864
1.84783, 52720
1.85093, 43600
1.85404, 23200
1.85714, 12480
1.86025, 21952
1.86335, 51168
1.86646, 22096
1.86957, 29056
1.87267, 44864
1.87578, 26832
1.87888, 53744
1.88199, 43600
1.88509, 23200
1.88820, 12448
1.89130, 21984
1.89441, 51184
1.89752, 22048
1.90062, 29088
1.90373, 44928
1.90683, 26880
1.90994, 53744
1.91304, 44112
1.91615, 23184
1.91925, 11264
1.92236, 21392
1.92547, 51184
1.92857, 22432
1.93168, 29104
1.93478, 44880
1.93789, 28048
1.94099, 53744
1.94410, 44160
1.94720, 23232
1.95031, 11232
1.95342, 21424
1.95652, 51216
1.95963, 22432
1.96273, 29664
1.96584, 44912
1.96894, 28032
1.97205, 52688
1.97516, 44176
1.97826, 21376
1.98137, 12496
1.98447, 21376
1.98758, 52544
1.99068, 22048
1.99379, 29696
1.99689, 44864
2.00000, 26896
2.00311, 52752
2.00621, 43568
2.00932, 21312
2.01242, 12464
2.01553, 22016
2.01863, 52512
2.02174, 22048
2.02484, 29728
2.02795, 44912
2.03106, 26880
2.03416, 52704
2.03727, 43536
2.04037, 23184
2.04348, 12416
2.04658, 21968
2.04969, 51168
2.05279, 22032
2.05590, 29120
2.05901, 44864
2.06211, 26848
2.06522, 53760
2.06832, 43600
2.07143, 23184
2.07453, 11232
2.07764, 21968
2.08074, 51168
2.08385, 22048
2.08696, 29072
2.09006, 44960
2.09317, 26832
2.09627, 53776
2.09938, 44112
2.10248, 23216
2.10559, 11264
2.10870, 21376
2.11180, 51184
2.11491, 22448
2.11801, 29056
2.12112, 44928
2.12422, 28016
2.12733, 53792
2.13043, 44160
2.13354, 23184
2.13665, 11232
2.13975, 21984
2.14286, 51184
2.14596, 22432
2.14907, 29088
2.15217, 44944
2.15528, 28016
2.15838, 53760
2.16149, 44128
2.16460, 23152
2.16770, 11184
2.17081, 21392
2.17391, 51200
2.17702, 22448
2.18012, 29744
2.18323, 44912
2.18634, 28048
2.18944, 53712
2.19255, 44112
2.19565, 21312
2.19876, 11216
2.20186, 21376
2.20497, 52544
2.20807, 22480
2.21118, 29712
2.21429, 44928
2.21739, 28048
2.22050, 52688
2.22360, 44144
2.22671, 21360
2.22981, 12448
2.23292, 21360
2.23602, 52528
2.23913, 22432
2.24224, 29664
2.24534, 44848
2.24845, 28032
2.25155, 52704
2.25466, 43600
2.25776, 21376
2.26087, 12480
2.26398, 21376
2.26708, 52496
2.27019, 22080
2.27329, 29728
2.27640, 44880
2.27950, 26864
2.28261, 52704
2.28571, 43600
2.28882, 21344
2.29193, 12480
2.29503, 21968
2.29814, 52528
2.30124, 22064
2.30435, 29104
2.30745, 44864
2.31056, 26864
2.31366, 52704
2.31677, 43552
2.31988, 23184
2.32298, 12496
2.32609, 21968
2.32919, 51168
2.33230, 22064
2.33540, 29056
2.33851, 44864
2.34161, 26880
2.34472, 53744
2.34783, 43584
2.35093, 23200
2.35404, 11216
2.35714, 21984
2.36025, 51184
2.36335, 22416
2.36646, 29104
2.36957, 44960
2.37267, 26880
2.37578, 53776
2.37888, 44176
2.38199, 23232
2.38509, 11248
2.38820, 21424
2.39130, 51168
2.39441, 22448
2.39752, 29024
2.40062, 44928
2.40373, 28032
2.40683, 53728
2.40994, 44096
2.41304, 21328
2.41615, 11248
2.41925, 21392
2.42236, 51184
2.42547, 22416
2.42857, 29728
2.43168, 44928
2.43478, 28048
2.43789, 52688
2.44099, 44128
2.44410, 21360
2.44720, 11232
2.45031, 21440
2.45342, 52496
2.45652, 22384
2.45963, 29728
2.46273, 44880
2.46584, 28064
2.46894, 52704
2.47205, 43616
2.47515, 21312
2.47826, 12464
2.48137, 21376
2.48447, 52512
2.48758, 22032
2.49068, 29696
2.49379, 44896
2.49689, 28016
2.50000, 52688
2.50311, 43536
2.50621, 21328
2.50932, 12480
2.51242, 21952
2.51553, 52528
2.51863, 22032
2.52174, 29088
2.52484, 44896
2.52795, 26864
2.53106, 52704
2.53416, 43568
2.53727, 23168
2.54037, 12464
2.54348, 21984
2.54658, 52528
2.54969, 22048
2.55279, 29056
2.55590, 44880
2.55901, 26896
2.56211, 53728
2.56522, 43584
2.56832, 23264
2.57143, 11264
2.57453, 22016
2.57764, 51168
2.58074, 22000
2.58385, 29120
2.58696, 44912
2.59006, 26880
2.59317, 53760
2.59627, 43568
2.59938, 23168
2.60248, 11264
2.60559, 21984
2.60870, 51184
2.61180, 22448
2.61491, 29072
2.61801, 44960
2.62112, 28000
2.62422, 53728
2.62733, 44144
2.63043, 21360
2.63354, 11248
2.63665, 21408
2.63975, 51200
2.64286, 22448
2.64596, 29728
2.64907, 44928
2.65217, 28032
2.65528, 53712
2.65838, 44144
2.66149, 21312
2.66460, 11248
2.66770, 21408
2.67081, 52512
2.67391, 22416
2.67702, 29680
2.68012, 44896
2.68323, 28064
2.68634, 52688
2.68944, 44112
2.69255, 21344
2.69565, 12464
2.69876, 21424
2.70186, 52496
2.70497, 22416
2.70807, 29648
2.71118, 44880
2.71429, 28000
2.71739, 52752
2.72050, 43536
2.72360, 21328
2.72671, 12448
2.72981, 21984
2.73292, 52544
2.73602, 22048
2.73913, 29072
2.74224, 44896
2.74534, 26864
2.74845, 52672
2.75155, 43568
2.75466, 21328
2.75776, 12448
2.76087, 21984
2.76398, 52512
2.76708, 22000
2.77019, 29040
2.77329, 44848
2.77640, 26896
2.77950, 53760
2.78261, 43584
2.78571, 23216
2.78882, 11216
2.79193, 21984
2.79503, 51184
2.79814, 22032
2.80124, 29056
2.80435, 44976
2.80745, 26848
2.81056, 53744
2.81366, 43600
2.81677, 23232
2.81988, 11248
2.82298, 21984
2.82609, 51200
2.82919, 22448
2.83230, 29056
2.83540, 44944
2.83851, 28048
2.84161, 53760
2.84472, 44144
2.84783, 21312
2.85093, 11216
2.85404, 21440
2.85714, 51184
2.86025, 22432
2.86335, 29104
2.86646, 44912
2.86957, 28032
2.87267, 53744
2.87578, 44160
2.87888, 21296
2.88199, 11248
2.88509, 21408
2.88820, 52544
2.89130, 22432
2.89441, 29760
2.89752, 44896
2.90062, 28016
2.90373, 52736
2.90683, 44160
2.90994, 21328
2.91304, 11232
2.91615, 21408
2.91925, 52512
2.92236, 22432
2.92547, 29728
2.92857, 44896
2.93168, 28048
2.93478, 53760
2.93789, 44144
2.94099, 21344
2.94410, 11280
2.94720, 21376
2.95031, 52496
2.95342, 22400
2.95652, 29744
2.95963, 44848
2.96273, 28000
2.96584, 52704
2.96894, 43536
2.97205, 21264
2.97515, 12448
2.97826, 21392
2.98137, 52528
2.98447, 22416
2.98758, 29744
2.99068, 44880
2.99379, 27984
2.99689, 52752
3.00000, 43584
3.00311, 21344
3.00621, 12416
3.00932, 22032
3.01242, 52528
3.01553, 22064
3.01863, 29680
3.02174, 44864
3.02484, 28032
3.02795, 52688
3.03106, 43584
3.03416, 21296
3.03727, 12480
3.04037, 21984
3.04348, 52512
3.04658, 22080
3.04969, 29040
3.05279, 44880
3.05590, 26896
3.05901, 53728
3.06211, 43568
3.06522, 23248
3.06832, 12448
3.07143, 21968
3.07453, 52496
3.07764, 22032
3.08074, 29056
3.08385, 44896
3.08696, 26864
3.09006, 53744
3.09317, 43600
3.09627, 23200
3.09938, 11200
3.10248, 21968
