0.00000, 24592
0.00885, 25376
0.01770, 44912
0.02655, 44960
0.03540, 53680
0.04425, 60416
0.05310, 29696
0.06195, 15856
0.07080, 61232
0.07965, 24400
0.08850, 22016
0.09735, 43984
0.10619, 41584
0.11504, 2944
0.12389, 51120
0.13274, 35472
0.14159, 6640
0.15044, 10336
0.15929, 21408
0.16814, 20768
0.17699, 40960
0.18584, 41152
0.19469, 12432
0.20354, 39952
0.21239, 39584
0.22124, 60656
0.23009, 23168
0.23894, 14032
0.24779, 21920
0.25664, 34096
0.26549, 44176
0.27434, 20960
0.28319, 32480
0.29204, 43568
0.30088, 52704
0.30973, 40608
0.31858, 6352
0.32743, 25648
0.33628, 26880
0.34513, 52112
0.35398, 24336
0.36283, 25392
0.37168, 44912
0.38053, 44992
0.38938, 53680
0.39823, 60432
0.40708, 29728
0.41593, 15824
0.42478, 61200
0.43363, 24704
0.44248, 22048
0.45133, 44288
0.46018, 41536
0.46903, 1504
0.47788, 51152
0.48673, 34832
0.49558, 6640
0.50442, 8544
0.51327, 21392
0.52212, 20752
0.53097, 40896
0.53982, 41008
0.54867, 12448
0.55752, 41184
0.56637, 39552
0.57522, 61856
0.58407, 23152
0.59292, 15008
0.60177, 21920
0.61062, 35056
0.61947, 44128
0.62832, 20160
0.63717, 32464
0.64602, 43168
0.65487, 52656
0.66372, 38640
0.67257, 6272
0.68142, 25104
0.69027, 26832
0.69912, 51008
0.70796, 24384
0.71681, 26064
0.72566, 44944
0.73451, 45696
0.74336, 53680
0.75221, 61776
0.76106, 29680
0.76991, 17120
0.77876, 61232
0.78761, 24688
0.79646, 22064
0.80531, 44288
0.81416, 41568
0.82301, 1568
0.83186, 51120
0.84071, 34832
0.84956, 6640
0.85841, 8544
0.86726, 21392
0.87611, 20752
0.88496, 40928
0.89381, 40960
0.90265, 12416
0.91150, 41168
0.92035, 39552
0.92920, 61856
0.93805, 23184
0.94690, 15008
0.95575, 21920
0.96460, 35024
0.97345, 44096
0.98230, 20208
0.99115, 32496
1.00000, 43200
1.00885, 52720
1.01770, 38656
1.02655, 6320
1.03540, 25136
1.04425, 26864
1.05310, 51024
1.06195, 24368
1.07080, 26048
1.07965, 44896
1.08850, 45696
1.09734, 53696
1.10619, 61744
1.11504, 29696
1.12389, 17104
1.13274, 61248
1.14159, 24640
1.15044, 22096
1.15929, 44272
1.16814, 41616
1.17699, 1552
1.18584, 51168
1.19469, 34864
1.20354, 6624
1.21239, 8560
1.22124, 21392
1.23009, 20768
1.23894, 40912
1.24779, 41008
1.25664, 12464
1.26549, 41184
1.27434, 39584
1.28319, 61872
1.29204, 23216
1.30088, 14992
1.30973, 21904
1.31858, 34976
1.32743, 44128
1.33628, 20192
1.34513, 31616
1.35398, 43200
1.36283, 51680
1.37168, 38688
1.38053, 5152
1.38938, 25136
1.39823, 25792
1.40708, 51072
1.41593, 24624
1.42478, 26064
1.43363, 44912
1.44248, 45696
1.45133, 53680
1.46018, 61776
1.46903, 29728
1.47788, 17120
1.48673, 61232
1.49557, 24720
1.50442, 22048
1.51327, 44304
1.52212, 41584
1.53097, 1536
1.53982, 51184
1.54867, 34832
1.55752, 6592
1.56637, 8544
1.57522, 21424
1.58407, 20784
1.59292, 40864
1.60177, 40976
1.61062, 12496
1.61947, 41200
1.62832, 39536
1.63717, 61904
1.64602, 23216
1.65487, 15024
1.66372, 21936
1.67257, 35008
1.68142, 44160
1.69027, 20160
1.69911, 32528
1.70796, 43216
1.71681, 52656
1.72566, 38672
1.73451, 6336
1.74336, 25152
1.75221, 26880
1.76106, 51024
1.76991, 24272
1.77876, 26064
1.78761, 44928
1.79646, 45712
1.80531, 53728
1.81416, 61776
1.82301, 29712
1.83186, 17088
1.84071, 61200
1.84956, 24704
1.85841, 22016
1.86726, 44288
1.87611, 41568
1.88496, 1520
1.89381, 51168
1.90265, 34816
1.91150, 6592
1.92035, 8608
1.92920, 21344
1.93805, 20784
1.94690, 40912
1.95575, 40992
1.96460, 12464
1.97345, 41200
1.98230, 39568
1.99115, 61840
2.00000, 23232
2.00885, 15024
2.01770, 21888
2.02655, 34976
2.03540, 44144
2.04425, 20160
2.05310, 32528
2.06195, 43184
2.07080, 52736
2.07965, 38704
2.08850, 6304
2.09734, 25120
2.10619, 26864
2.11504, 51040
2.12389, 24336
2.13274, 26048
2.14159, 44976
2.15044, 45680
2.15929, 53712
2.16814, 61728
2.17699, 29696
2.18584, 17104
2.19469, 61264
2.20354, 24720
2.21239, 22016
2.22124, 44288
2.23009, 41552
2.23894, 1552
2.24779, 51168
2.25664, 34848
2.26549, 6656
2.27434, 8576
2.28319, 21424
2.29204, 20752
2.30088, 40896
2.30973, 40992
2.31858, 12496
2.32743, 41184
2.33628, 39584
2.34513, 61856
2.35398, 23184
2.36283, 14992
2.37168, 21920
2.38053, 35040
2.38938, 44128
2.39823, 20160
2.40708, 32560
2.41593, 43168
2.42478, 52704
2.43363, 38688
2.44248, 6304
2.45133, 25088
2.46018, 26880
2.46903, 50992
2.47788, 24384
2.48672, 26032
2.49557, 44896
2.50442, 45680
2.51327, 53696
2.52212, 61744
2.53097, 29744
2.53982, 17088
2.54867, 61216
2.55752, 24672
2.56637, 22032
2.57522, 44240
2.58407, 41600
2.59292, 1536
2.60177, 51120
2.61062, 34784
2.61947, 6608
2.62832, 8576
2.63717, 21440
2.64602, 20752
2.65487, 40928
2.66372, 40992
2.67257, 12480
2.68142, 41232
2.69026, 39568
2.69911, 61888
2.70796, 23184
2.71681, 14992
2.72566, 21872
2.73451, 35056
2.74336, 44160
2.75221, 20176
2.76106, 32512
2.76991, 43168
2.77876, 52752
2.78761, 38688
2.79646, 6320
2.80531, 25136
2.81416, 26896
2.82301, 51024
2.83186, 24336
2.84071, 26016
2.84956, 44928
2.85841, 45648
2.86726, 53664
2.87611, 61728
2.88496, 29072
2.89380, 17120
2.90265, 59776
2.91150, 24720
2.92035, 22400
2.92920, 44288
2.93805, 41888
2.94690, 1536
2.95575, 52560
2.96460, 34816
2.97345, 7952
2.98230, 8560
2.99115, 21968
3.00000, 20752
3.00885, 41504
3.01770, 40960
3.02655, 12480
3.03540, 41168
3.04425, 39568
3.05310, 61840
3.06195, 23248
3.07080, 14992
3.07965, 21920
3.08850, 35008
3.09734, 44112
3.10619, 20176
3.11504, 32480
3.12389, 43216
3.13274, 52736
3.14159, 38704
3.15044, 6272
3.15929, 25152
3.16814, 26880
3.17699, 51056
3.18584, 24352
3.19469, 26048
3.20354, 44944
3.21239, 45696
3.22124, 53648
3.23009, 61744
3.23894, 29712
3.24779, 17104
3.25664, 61216
3.26549, 24656
3.27434, 22048
3.28319, 44256
3.29204, 41600
3.30088, 1536
3.30973, 51184
3.31858, 34800
3.32743, 6640
3.33628, 8528
3.34513, 21392
3.35398, 20784
3.36283, 40928
3.37168, 40976
3.38053, 12448
3.38938, 41184
3.39823, 39600
3.40708, 61840
3.41593, 23168
3.42478, 14992
3.43363, 21856
3.44248, 35008
3.45133, 44112
3.46018, 20208
3.46903, 32528
3.47788, 43168
3.48672, 52704
3.49557, 38720
3.50442, 6320
3.51327, 25200
3.52212, 26864
3.53097, 51040
3.53982, 24352
3.54867, 26032
3.55752, 44912
3.56637, 45648
3.57522, 53712
3.58407, 61744
3.59292, 29680
3.60177, 17088
3.61062, 61168
3.61947, 22992
3.62832, 22032
3.63717, 44480
3.64602, 40720
3.65487, 8704
3.66372, 51184
3.67257, 34832
3.68142, 6672
3.69026, 12128
3.69911, 20016
3.70796, 20848
3.71681, 40944
3.72566, 42064
3.73451, 12480
3.74336, 36624
3.75221, 42000
3.76106, 59456
3.76991, 32784
3.77876, 14976
3.78761, 21920
3.79646, 35008
3.80531, 44128
3.81416, 20192
3.82301, 32496
3.83186, 43200
3.84071, 52752
3.84956, 38640
3.85841, 6352
3.86726, 25152
3.87611, 26896
3.88496, 55712
3.89380, 24928
3.90265, 24240
3.91150, 44976
3.92035, 44976
3.92920, 60592
3.93805, 61664
3.94690, 29712
3.95575, 10608
3.96460, 61216
3.97345, 24800
3.98230, 22064
3.99115, 44448
4.00000, 40688
4.00885, 65504
4.01770, 51184
4.02655, 34176
4.03540, 6640
4.04425, 6816
4.05310, 21376
4.06195, 20768
4.07080, 40944
4.07965, 40816
4.08850, 12416
4.09735, 42304
4.10619, 39536
4.11504, 63136
4.12389, 23200
4.13274, 15968
4.14159, 21904
4.15044, 35904
4.15929, 44112
4.16814, 19328
4.17699, 32528
4.18584, 43568
4.19469, 53696
4.20354, 38720
4.21239, 7472
4.22124, 25168
4.23009, 28032
4.23894, 51056
4.24779, 24016
4.25664, 26048
4.26549, 44896
4.27434, 45680
4.28319, 51824
4.29203, 61712
4.30088, 29072
4.30973, 17120
4.31858, 61200
4.32743, 24688
4.33628, 22032
4.34513, 44272
4.35398, 41584
4.36283, 1568
4.37168, 51152
4.38053, 34784
4.38938, 6640
4.39823, 8560
4.40708, 21392
4.41593, 20736
4.42478, 40864
4.43363, 40880
4.44248, 12512
4.45133, 42336
4.46018, 39600
4.46903, 63168
4.47787, 23184
4.48672, 15936
4.49557, 21888
4.50442, 35920
4.51327, 44096
4.52212, 19424
4.53097, 32528
4.53982, 42896
4.54867, 52704
4.55752, 36720
4.56637, 6336
4.57522, 24608
4.58407, 26832
4.59292, 49984
4.60177, 24352
4.61062, 26736
4.61947, 44928
4.62832, 46496
4.63717, 53680
4.64602, 63088
4.65487, 29712
4.66372, 18400
4.67257, 61232
4.68142, 24816
4.69027, 22064
4.69911, 44480
4.70796, 41568
4.71681, 65520
4.72566, 51200
4.73451, 34176
4.74336, 6624
4.75221, 6848
4.76106, 21424
4.76991, 20752
4.77876, 40912
4.78761, 40960
4.79646, 12448
4.80531, 41200
4.81416, 39616
4.82301, 61872
4.83186, 21328
4.84071, 15024
4.84956, 21648
4.85841, 35024
4.86726, 43568
4.87611, 20144
4.88495, 33536
4.89380, 43248
4.90265, 53760
4.91150, 38688
4.92035, 7488
4.92920, 25136
4.93805, 28032
4.94690, 51056
4.95575, 23984
4.96460, 26064
4.97345, 44864
4.98230, 45728
4.99115, 51856
