0.00000, 57840
0.01064, 52720
0.02128, 3632
0.03191, 22720
0.04255, 65232
0.05319, 33536
0.06383, 464
0.07447, 42400
0.08511, 62112
0.09574, 14096
0.10638, 9168
0.11702, 59056
0.12766, 48352
0.13830, 1904
0.14894, 27712
0.15957, 65520
0.17021, 28336
0.18085, 1520
0.19149, 47280
0.20213, 59424
0.21277, 9648
0.22340, 13056
0.23404, 61760
0.24468, 43648
0.25532, 528
0.26596, 32832
0.27660, 65408
0.28723, 23376
0.29787, 3408
0.30851, 51600
0.31915, 56512
0.32979, 6288
0.34043, 17376
0.35106, 63888
0.36170, 38608
0.37234, 448
0.38298, 38048
0.39362, 64224
0.40426, 18496
0.41489, 5968
0.42553, 55584
0.43617, 52688
0.44681, 3680
0.45745, 22128
0.46809, 65184
0.47872, 33568
0.48936, 464
0.50000, 43024
0.51064, 62368
0.52128, 14112
0.53191, 9184
0.54255, 59024
0.55319, 48384
0.56383, 1760
0.57447, 27104
0.58511, 65520
0.59574, 28336
0.60638, 1536
0.61702, 47232
0.62766, 59424
0.63830, 10176
0.64894, 13072
0.65957, 61808
0.67021, 43056
0.68085, 560
0.69149, 32208
0.70213, 65392
0.71277, 23344
0.72340, 3408
0.73404, 51632
0.74468, 56560
0.75532, 6720
0.76596, 17920
0.77660, 63824
0.78723, 35456
0.79787, 480
0.80851, 38064
0.81915, 63200
0.82979, 17312
0.84043, 7920
0.85106, 58224
0.86170, 47232
0.87234, 1728
0.88298, 27056
0.89362, 65520
0.90426, 28320
0.91489, 1536
0.92553, 48896
0.93617, 57808
0.94681, 7936
0.95745, 15104
0.96808, 63152
0.97872, 43648
0.98936, 592
1.00000, 32208
1.01064, 65424
1.02128, 23312
1.03191, 3392
1.04255, 51616
1.05319, 56560
1.06383, 6704
1.07447, 17360
1.08511, 63808
1.09574, 38624
1.10638, 416
1.11702, 37392
1.12766, 64224
1.13830, 17968
1.14894, 5904
1.15957, 55584
1.17021, 52752
1.18085, 3920
1.19149, 22096
1.20213, 65520
1.21277, 33536
1.22340, 416
1.23404, 42416
1.24468, 62368
1.25532, 14144
1.26596, 9184
1.27660, 59008
1.28723, 48352
1.29787, 1888
1.30851, 27088
1.31915, 65520
1.32979, 28368
1.34043, 1568
1.35106, 47248
1.36170, 59792
1.37234, 10112
1.38298, 13024
1.39362, 61808
1.40425, 43664
1.41489, 544
1.42553, 32192
1.43617, 65440
1.44681, 23360
1.45745, 3344
1.46808, 51616
1.47872, 56560
1.48936, 6736
1.50000, 17328
1.51064, 63840
1.52128, 38624
1.53191, 480
1.54255, 37408
1.55319, 64240
1.56383, 18528
1.57447, 5968
1.58511, 55568
1.59574, 52704
1.60638, 3936
1.61702, 22128
1.62766, 65248
1.63830, 33536
1.64894, 448
1.65957, 42400
1.67021, 62336
1.68085, 14096
1.69149, 9216
1.70213, 59056
1.71277, 48384
1.72340, 1904
1.73404, 27088
1.74468, 65520
1.75532, 28352
1.76596, 1536
1.77660, 47200
1.78723, 59840
1.79787, 10128
1.80851, 13008
1.81915, 61808
1.82979, 43664
1.84043, 544
1.85106, 32160
1.86170, 65376
1.87234, 23328
1.88298, 3392
1.89362, 51648
1.90425, 56512
1.91489, 6688
1.92553, 16768
1.93617, 63824
1.94681, 38624
1.95745, 448
1.96808, 37440
1.97872, 64208
1.98936, 19104
2.00000, 5936
2.01064, 55568
2.02128, 52688
2.03191, 3968
2.04255, 22112
2.05319, 65024
2.06383, 33504
2.07447, 464
2.08511, 42400
2.09574, 62384
2.10638, 14144
2.11702, 8848
2.12766, 59040
2.13830, 48384
2.14894, 1904
2.15957, 27072
2.17021, 65520
2.18085, 29008
2.19149, 1536
2.20213, 47232
2.21277, 59776
2.22340, 10112
2.23404, 13024
2.24468, 61744
2.25532, 43648
2.26596, 560
2.27660, 32224
2.28723, 65392
2.29787, 23296
2.30851, 3344
2.31915, 51088
2.32979, 56560
2.34042, 6704
2.35106, 17344
2.36170, 63824
2.37234, 38624
2.38298, 480
2.39362, 37392
2.40425, 64288
2.41489, 18544
2.42553, 5968
2.43617, 55584
2.44681, 53152
2.45745, 3968
2.46808, 22144
2.47872, 65200
2.48936, 33520
2.50000, 464
2.51064, 41760
2.52128, 62352
2.53191, 14160
2.54255, 9232
2.55319, 59024
2.56383, 48352
2.57447, 1920
2.58511, 26480
2.59574, 65520
2.60638, 28352
2.61702, 1552
2.62766, 47232
2.63830, 59824
2.64894, 10160
2.65957, 12624
2.67021, 61824
2.68085, 43648
2.69149, 576
2.70213, 32176
2.71277, 65408
2.72340, 23952
2.73404, 3392
2.74468, 51616
2.75532, 56592
2.76596, 6688
2.77660, 17360
2.78723, 63632
2.79787, 39296
2.80851, 432
2.81915, 37408
2.82979, 64240
2.84042, 18512
2.85106, 5632
2.86170, 55120
2.87234, 52720
2.88298, 3936
2.89362, 22048
2.90425, 65200
2.91489, 33536
2.92553, 480
2.93617, 42416
2.94681, 62368
2.95745, 14112
2.96808, 9184
2.97872, 59056
2.98936, 48960
3.00000, 1904
3.01064, 27072
3.02128, 65520
3.03191, 28368
3.04255, 1552
3.05319, 46656
3.06383, 60144
3.07447, 10160
3.08511, 12992
3.09574, 61776
3.10638, 43616
3.11702, 736
3.12766, 31616
3.13830, 65424
3.14894, 23280
3.15957, 3360
3.17021, 51648
3.18085, 56912
3.19149, 7072
3.20213, 17344
3.21277, 63856
3.22340, 38640
3.23404, 448
3.24468, 36752
3.25532, 64400
3.26596, 18496
3.27660, 5952
3.28723, 55584
3.29787, 52704
3.30851, 4288
3.31915, 21472
3.32979, 65200
3.34042, 33568
3.35106, 480
3.36170, 42448
3.37234, 62608
3.38298, 14592
3.39362, 9200
3.40425, 59056
3.41489, 48384
3.42553, 1936
3.43617, 26512
3.44681, 65520
3.45745, 28320
3.46808, 1552
3.47872, 47216
3.48936, 59808
3.50000, 10560
3.51064, 12624
3.52128, 61824
3.53191, 43648
3.54255, 592
3.55319, 32224
3.56383, 65424
3.57447, 23984
3.58511, 3104
3.59574, 51120
3.60638, 56560
3.61702, 6704
3.62766, 17376
3.63830, 63840
3.64894, 39264
3.65957, 480
3.67021, 37456
3.68085, 64272
3.69149, 18480
3.70213, 5920
3.71276, 55184
3.72340, 53152
3.73404, 3984
3.74468, 22112
3.75532, 65200
3.76596, 33536
3.77660, 448
3.78723, 41728
3.79787, 62640
3.80851, 14096
3.81915, 9216
3.82979, 59040
3.84042, 48960
3.85106, 2128
3.86170, 26464
3.87234, 65520
3.88298, 28432
3.89362, 1568
3.90425, 46656
3.91489, 60096
3.92553, 10576
3.93617, 13024
3.94681, 61808
3.95745, 43648
3.96808, 720
3.97872, 31568
3.98936, 65456
4.00000, 23344
4.01064, 3376
4.02127, 51648
4.03191, 56912
4.04255, 7056
4.05319, 16800
4.06383, 63856
4.07447, 38608
4.08511, 480
4.09574, 36704
4.10638, 64400
4.11702, 19056
4.12766, 5936
4.13830, 55568
4.14894, 52704
4.15957, 4240
4.17021, 21456
4.18085, 65088
4.19149, 33552
4.20213, 448
4.21276, 42384
4.22340, 62640
4.23404, 14656
4.24468, 8832
4.25532, 59040
4.26596, 48416
4.27659, 1904
4.28723, 26480
4.29787, 65520
4.30851, 28960
4.31915, 1552
4.32979, 47200
4.34042, 59824
4.35106, 10592
4.36170, 12576
4.37234, 61488
4.38298, 43664
4.39362, 576
4.40425, 32192
4.41489, 65440
4.42553, 23952
4.43617, 3152
4.44681, 51616
4.45745, 56560
4.46808, 6720
4.47872, 16752
4.48936, 63680
4.50000, 39296
4.51064, 448
4.52127, 36736
4.53191, 64208
4.54255, 18512
4.55319, 5936
4.56383, 55136
4.57447, 53152
4.58511, 4256
4.59574, 22144
4.60638, 65232
4.61702, 33568
4.62766, 432
4.63830, 41760
4.64894, 62624
4.65957, 14112
4.67021, 9200
4.68085, 59088
4.69149, 48960
4.70213, 2096
4.71276, 26448
4.72340, 65520
4.73404, 28336
4.74468, 1536
4.75532, 46688
4.76596, 60144
4.77659, 10624
4.78723, 12592
4.79787, 61808
4.80851, 43632
4.81915, 752
4.82979, 31536
4.84042, 65456
4.85106, 23968
4.86170, 3360
4.87234, 51648
4.88298, 56944
4.89362, 7088
4.90425, 16752
4.91489, 63648
4.92553, 38624
4.93617, 432
4.94681, 36752
4.95745, 64464
4.96808, 19088
4.97872, 5552
4.98936, 55632
